GATE_SL_MS: 693,1094,48,35
GATE_MS_SL: 207,362,48,35
MS_ENTRANCE: 264,3136,48,45
MS_S01: 312,3144,48,35
MS_M03: 264,3184,48,112
MS_CROSSOVER02: 264,1576,48,192
MS_U03: 323,1658,150,35
MS_O03: 118,3189,104,78
MS_O04: 157,3101,104,35
MS_O05: 107,3018,150,75
MS_O06: 117,1577,151,35
MS_VISTA: 10,1574,104,35
MS_I01: 218,1775,247,40
MS_I03: 464,1781,48,35
MS_I02: 431,1816,152,121
MS_S04: 525,3263,48,35
MS_CROSSOVER01: 406,1940,158,35
MS_MEM01: 674,3555,104,78
MS_MEM02: 565,1939,152,35
MS_MEM03: 729,1949,48,35
MS_MEM04: 730,1818,48,112
MS_C13: 512,3601,152,35
MS_MEM05: 581,832,198,35
MS_MEM06: 796,871,48,74
MS_I06: 615,1773,246,40
MS_I13: 716,1729,48,35
MS_S05: 765,1737,48,35
MS_I08: 860,3129,48,112
MS_I07: 866,1695,48,112
MS_S03: 882,1810,48,35
MS_VENT01: 471,1650,66,112
MS_VENT02: 528,3067,48,35
MS_VENT03: 531,1710,61,112
MS_AIR01: 608,1776,48,35
MS_VENT04: 509,1529,101,152
MS_S06: 561,3000,48,35
MS_VENT05: 616,2999,48,35
MS_VENT06: 981,189,48,114
MS_VENT07: 921,233,48,35
MS_VENT08: 665,1483,101,114
MS_AIR02: 437,2928,48,35
MS_VENT09: 604,1417,66,114
MS_VENT10: 496,1488,101,35
MS_AIR03: 674,2800,152,72
MS_VENT11: 833,1435,48,72
MS_VENT12: 779,2852,148,72
MS_VENT13: 1037,168,48,35
MS_VENT14: 945,1499,101,72
MS_VENT15: 788,1552,148,72
MS_VENT16: 919,3122,148,35
MS_VENT17: 922,1764,101,35
MS_VENT18: 1039,1587,198,37
MS_VENT19: 1207,3044,101,35
MS_VENT20: 1617,348,101,35
MS_VENT21: 1387,1662,61,72
MS_VENT22: 1486,308,148,52
MS_VENT23: 258,2933,151,72
MS_FARSIDE: 1711,1810,151,91
MS_EAST01: 1520,3256,201,35
MS_EAST02: 1474,3302,48,35
MS_S09: 1471,3342,48,35
MS_EAST03: 1321,3269,151,72
MS_EAST04: 1256,3348,101,35
MS_EAST05: 1307,3221,48,35
MS_EAST06: 1312,3100,48,112
MS_EAST07: 1044,3166,251,35
MS_ARTERY01: 600,314,241,35
MS_CAPI01: 761,347,48,35
MS_ARTERY02: 319,314,245,35
MS_CAPI02: 430,275,48,37
MS_ARTERY03: 221,302,96,54
MS_CAPI03: 210,268,48,35
MS_ARTERY04: 431,372,48,177
MS_ARTERY05: 1677,380,48,72
MS_ARTERY06: 1413,405,248,35
MS_ARTERY07: 883,316,151,117
MS_ARTERY08: 1231,363,148,72
MS_ARTERY09: 1056,353,148,35
MS_ARTERY10: 1234,440,48,149
MS_ARTERY11: 924,437,151,82
MS_HEART: 975,528,152,188
MS_CORE: 1027,3394,48,35
MS_CORTEX: 430,603,172,76
MS_MEMTUBE: 544,2074,148,35
MS_MEMOUTSIDE: 631,603,172,76
MS_AI: 384,687,151,112
MS_MEMENTRANCE: 555,730,151,35
MS_LAB1: 796,2220,48,35
MS_LAB2: 861,2219,48,35
MS_LAB3: 927,2218,48,35
MS_LAB4: 796,2168,48,35
MS_LAB5: 861,2168,48,35
MS_LAB6: 927,2168,48,35
MS_LAB7: 730,2116,48,35
MS_LAB8: 795,2116,48,35
MS_LAB9: 860,2117,48,35
MS_LAB10: 927,2117,48,35
MS_LAB12: 795,2064,48,35
MS_LAB13: 860,2065,48,35
MS_LAB14: 927,1948,48,152
MS_I12: 928,1883,48,35
MS_I11: 977,1841,48,78
MS_WILLSNAGGING01: 741,1089,48,35
MS_S07: 770,2471,48,35
MS_aeriestart: 744,1049,174,41
MS_startsewers: 897,1050,226,38
MS_splitsewers: 1120,1003,156,121
MS_scavtrader: 1279,999,100,35
MS_bitteraerie1: 1272,2500,49,158
MS_bitteraerie2: 1310,1153,48,39
MS_bitteraerie3: 1308,1194,50,148
MS_bitteraerie4: 1265,2664,48,70
MS_bitteraerie5: 1246,1346,117,39
MS_bittermironest: 1225,1268,48,35
MS_bittershelter: 1296,3956,48,35
MS_pumps: 1235,2436,70,41
MS_sewerbridge: 1144,2387,70,41
MS_bitteraerie6: 1441,1239,152,35
MS_COMMS: 1384,1203,59,152
MS_bitterpipe: 1194,2347,48,35
MS_bittervents: 1097,2457,48,37
MS_bitteraccess: 1097,2386,48,72
MS_bitterunderground: 1330,1047,198,76
MS_bitteredge: 1526,2439,48,72
MS_bitteraeriedown: 1506,1122,49,116
MS_bitteraeriepipeu: 1296,2502,111,146
MS_Jtrap: 1287,2335,48,122
MS_bitterentrance: 1332,2427,186,82
MS_bittersafe: 1514,2333,48,35
MS_S10: 1559,2324,48,35
MS_X02: 1456,2329,48,35
MS_bitterstart: 1349,2313,101,35
