GATE_SB_SL: 276,258,48,35
GATE_GW_SL: 19,1293,48,35
GATE_UW_SL: 61,790,48,35
GATE_SL_MS: 2294,698,48,35
GATE_MS_SL: 1787,47,48,35
GATE_SL_VS: 417,1057,48,35
SL_S02: 1034,2184,48,35
SL_A08: 46,1256,54,35
SL_S07: 10,1256,48,35
SL_C12: 100,1254,152,35
SL_B02: 940,2129,113,37
SL_C11: 1063,2124,54,120
SL_A14: 948,2091,48,35
SL_E03: 1031,2091,258,35
SL_A02: 886,2129,48,35
SL_A17: 885,2091,48,35
SL_C01: 825,2080,48,121
SL_A13: 843,1178,48,35
SL_B01: 758,2113,48,121
SL_F01: 253,1212,210,78
SL_C02: 417,381,180,35
SL_C10: 512,1953,54,121
SL_A10: 617,1964,48,35
SL_F02: 619,338,162,78
SL_S05: 674,371,48,35
SL_D06: 522,2127,213,35
SL_D04: 788,339,104,78
SL_A12: 810,1177,48,35
SL_H02: 1006,339,210,78
SL_H03: 1209,379,444,38
SL_C09: 1653,382,155,35
SL_A16: 1760,420,48,35
SL_S10: 1721,420,48,35
SL_I01: 1813,370,152,121
SL_A15: 1966,416,48,35
SL_S06: 1965,451,48,35
SL_C08: 417,1082,48,121
SL_C05: 470,1092,162,35
SL_S09: 621,1092,48,35
SL_C04: 661,1085,54,121
SL_TUNNELA: 465,1054,248,35
SL_D01: 672,1210,104,78
SL_D02: 730,1050,54,154
SL_D03: 790,1055,105,78
SL_A07: 873,1114,48,35
SL_A04: 831,1138,48,35
SL_S03: 811,2037,48,35
SL_E01: 918,1049,48,207
SL_B04: 920,417,48,121
SL_C03: 911,296,66,121
SL_A11: 877,1167,48,35
SL_A05: 975,1104,48,35
SL_E02: 1043,1098,258,35
SL_S08: 1248,1135,48,35
SL_C07: 1325,1087,48,121
SL_A03: 731,224,48,35
SL_C06: 565,223,162,35
SL_S04: 633,247,48,35
SL_A06: 514,222,48,35
SL_D05: 308,222,204,35
SL_S11: 1182,2053,48,35
SL_C14: 1399,1021,48,112
SL_C15: 1484,76,104,112
SL_WALL02: 1488,22,151,42
SL_WALL05: 1640,35,146,45
SL_S15: 1787,10,48,35
SL_BRIDGEEND: 97,816,201,47
SL_EDGE01: 218,781,48,35
SL_EDGE02: 267,691,101,125
SL_BRIDGE01: 297,828,106,35
SL_S13: 178,776,48,35
SL_ECNIUS01: 679,1996,101,72
SL_ECNIUS02: 918,2001,48,35
SL_ECNIUS03: 798,1999,101,35
SL_AI: 2016,389,98,35
SL_ROOF04: 2068,1370,48,149
SL_MOONTOP: 2061,1291,62,81
SL_ACCSHAFT: 2068,1522,201,35
SL_ROOF03: 2077,683,216,78
SL_TEMPLE: 1962,685,107,78
SL_STOP: 1952,655,48,35
SL_ROOF01: 1659,689,306,35
SL_WALL06: 1614,678,48,62
